4.716000000000000000e+03
4.986000000000000000e+03
6.168000000000000000e+03
8.652000000000000000e+03
3.893300000000000000e+04
3.960000000000000000e+04
4.148600000000000000e+04
4.215000000000000000e+04
4.260900000000000000e+04
4.417600000000000000e+04
4.463700000000000000e+04
4.511400000000000000e+04
4.542200000000000000e+04
4.622800000000000000e+04
4.690700000000000000e+04
4.713700000000000000e+04
4.749900000000000000e+04
4.790900000000000000e+04
4.828400000000000000e+04
4.873900000000000000e+04
4.995800000000000000e+04
5.032200000000000000e+04
5.062700000000000000e+04
5.090200000000000000e+04
5.139900000000000000e+04
5.252900000000000000e+04
5.276900000000000000e+04
5.345100000000000000e+04
5.383900000000000000e+04
5.408500000000000000e+04
5.423800000000000000e+04
5.449800000000000000e+04
5.475100000000000000e+04
5.500100000000000000e+04
5.549200000000000000e+04
5.589300000000000000e+04
5.631400000000000000e+04
5.685200000000000000e+04
5.735300000000000000e+04
5.790300000000000000e+04
5.844300000000000000e+04
5.891500000000000000e+04
5.974800000000000000e+04
6.049600000000000000e+04
6.101600000000000000e+04
6.160000000000000000e+04
6.231700000000000000e+04
6.321100000000000000e+04
6.466700000000000000e+04
