5.120000000000000000e+02
6.830000000000000000e+02
1.270000000000000000e+03
2.043000000000000000e+03
2.368000000000000000e+03
2.675000000000000000e+03
2.906000000000000000e+03
3.344000000000000000e+03
3.706000000000000000e+03
4.304000000000000000e+03
4.716000000000000000e+03
4.986000000000000000e+03
5.248000000000000000e+03
5.443000000000000000e+03
6.168000000000000000e+03
6.971000000000000000e+03
7.196000000000000000e+03
7.650000000000000000e+03
8.053000000000000000e+03
8.443000000000000000e+03
8.652000000000000000e+03
8.825000000000000000e+03
9.408000000000000000e+03
9.618000000000000000e+03
1.009000000000000000e+04
1.033300000000000000e+04
1.069300000000000000e+04
1.106000000000000000e+04
1.150100000000000000e+04
1.209100000000000000e+04
1.221000000000000000e+04
1.249100000000000000e+04
1.407500000000000000e+04
1.423200000000000000e+04
1.495300000000000000e+04
1.508900000000000000e+04
1.551100000000000000e+04
1.572600000000000000e+04
1.597400000000000000e+04
1.607000000000000000e+04
1.659200000000000000e+04
1.677300000000000000e+04
1.720300000000000000e+04
1.753400000000000000e+04
1.787000000000000000e+04
1.851700000000000000e+04
1.866100000000000000e+04
1.929900000000000000e+04
1.987000000000000000e+04
2.009600000000000000e+04
2.061500000000000000e+04
2.081800000000000000e+04
2.128900000000000000e+04
2.159300000000000000e+04
2.204400000000000000e+04
2.315600000000000000e+04
2.354800000000000000e+04
2.409000000000000000e+04
2.432400000000000000e+04
2.457300000000000000e+04
2.477900000000000000e+04
2.545800000000000000e+04
2.623100000000000000e+04
2.678900000000000000e+04
2.721500000000000000e+04
2.760000000000000000e+04
2.823000000000000000e+04
2.878200000000000000e+04
2.936300000000000000e+04
2.982100000000000000e+04
3.006600000000000000e+04
3.043300000000000000e+04
3.106800000000000000e+04
3.150700000000000000e+04
3.261400000000000000e+04
3.345700000000000000e+04
3.380200000000000000e+04
3.428800000000000000e+04
3.463500000000000000e+04
3.524200000000000000e+04
3.630700000000000000e+04
3.660000000000000000e+04
3.721400000000000000e+04
3.774100000000000000e+04
3.864400000000000000e+04
3.893300000000000000e+04
3.925600000000000000e+04
3.960000000000000000e+04
3.975600000000000000e+04
4.077600000000000000e+04
4.148600000000000000e+04
4.215000000000000000e+04
4.260900000000000000e+04
4.321500000000000000e+04
4.356500000000000000e+04
4.417600000000000000e+04
4.463700000000000000e+04
4.511400000000000000e+04
4.542200000000000000e+04
4.588500000000000000e+04
4.622800000000000000e+04
4.690700000000000000e+04
4.713700000000000000e+04
4.749900000000000000e+04
4.790900000000000000e+04
4.828400000000000000e+04
4.873900000000000000e+04
4.932200000000000000e+04
4.973100000000000000e+04
4.995800000000000000e+04
5.032200000000000000e+04
5.062700000000000000e+04
5.090200000000000000e+04
5.109500000000000000e+04
5.139900000000000000e+04
5.178500000000000000e+04
5.252900000000000000e+04
5.276900000000000000e+04
5.310600000000000000e+04
5.345100000000000000e+04
5.383900000000000000e+04
5.408500000000000000e+04
5.423800000000000000e+04
5.449800000000000000e+04
5.475100000000000000e+04
5.500100000000000000e+04
5.549200000000000000e+04
5.589300000000000000e+04
5.631400000000000000e+04
5.685200000000000000e+04
5.735300000000000000e+04
5.790300000000000000e+04
5.844300000000000000e+04
5.891500000000000000e+04
5.938700000000000000e+04
5.974800000000000000e+04
6.028600000000000000e+04
6.049600000000000000e+04
6.101600000000000000e+04
6.160000000000000000e+04
6.195200000000000000e+04
6.231700000000000000e+04
6.272700000000000000e+04
6.321100000000000000e+04
6.357700000000000000e+04
6.392100000000000000e+04
6.445500000000000000e+04
6.466700000000000000e+04
6.524800000000000000e+04
6.540600000000000000e+04
6.556000000000000000e+04
6.593500000000000000e+04
6.632400000000000000e+04
6.709400000000000000e+04
6.775600000000000000e+04
6.791400000000000000e+04
6.845500000000000000e+04
6.915300000000000000e+04
6.941000000000000000e+04
6.997000000000000000e+04
7.118700000000000000e+04
7.148700000000000000e+04
7.166800000000000000e+04
7.223300000000000000e+04
7.273100000000000000e+04
7.356700000000000000e+04
7.421300000000000000e+04
7.470600000000000000e+04
7.499400000000000000e+04
7.542300000000000000e+04
7.583800000000000000e+04
7.634300000000000000e+04
7.700700000000000000e+04
7.739100000000000000e+04
7.820400000000000000e+04
7.853000000000000000e+04
7.892800000000000000e+04
7.936800000000000000e+04
7.984900000000000000e+04
8.098900000000000000e+04
8.194900000000000000e+04
8.214800000000000000e+04
8.235100000000000000e+04
8.261800000000000000e+04
8.298300000000000000e+04
8.345900000000000000e+04
8.492400000000000000e+04
8.566800000000000000e+04
8.612300000000000000e+04
8.636400000000000000e+04
8.700200000000000000e+04
8.737700000000000000e+04
8.789000000000000000e+04
8.845600000000000000e+04
8.891900000000000000e+04
8.976900000000000000e+04
9.008600000000000000e+04
9.049000000000000000e+04
9.070100000000000000e+04
9.159200000000000000e+04
9.201700000000000000e+04
9.236900000000000000e+04
9.250800000000000000e+04
9.284600000000000000e+04
9.358200000000000000e+04
9.415700000000000000e+04
9.487200000000000000e+04
9.522400000000000000e+04
9.560400000000000000e+04
9.621900000000000000e+04
9.664900000000000000e+04
9.701000000000000000e+04
9.714200000000000000e+04
9.805600000000000000e+04
9.867700000000000000e+04
9.931800000000000000e+04
9.972300000000000000e+04
